 672 448 
 2 4 3 1 
 5 7 6 1 
 5 9 8 2 
 13 15 14 1 
 13 17 16 2 
 13 22 21 5 
 33 35 34 1 
 33 37 36 2 
 33 42 41 5 
 33 54 53 13 
 81 83 82 1 
 81 85 84 2 
 81 90 89 5 
 81 102 101 13 
 81 130 129 33 
 193 195 194 1 
 193 197 196 2 
 193 202 201 5 
 193 214 213 13 
 193 242 241 33 
 193 306 305 81 
 6 11 10 3 
 14 19 18 3 
 14 24 23 6 
 34 39 38 3 
 34 44 43 6 
 34 56 55 14 
 82 87 86 3 
 82 92 91 6 
 82 104 103 14 
 82 132 131 34 
 194 199 198 3 
 194 204 203 6 
 194 216 215 14 
 194 244 243 34 
 194 308 307 82 
 8 12 10 16 4 
 20 18 16 4 
 27 26 8 4 
 36 40 38 4 
 36 47 46 8 
 36 59 58 16 
 84 88 86 4
 84 95 94 8 
 84 107 106 16 
 84 135 134 36 
 196 200 198 4 
 196 207 206 8 
 196 219 218 16 
 196 247 246 36 
 196 311 310 84 
 18 30 29 10 
 38 50 49 10 
 38 62 61 18 
 86 98 97 10 
 86 110 109 18 
 86 138 137 38 
 198 210 209 10 
 198 222 221 18 
 198 250 249 38 
 198 314 313 86 
 9 12 11 7 
 21 25 23 7 
 21 28 26 9 
 41 45 43 7 
 41 48 46 9 
 41 66 65 21 
 89 93 91 7 
 89 96 94 9 
 89 114 113 21 
 89 142 141 41 
 201 205 203 7 
 201 208 206 9 
 201 226 225 21 
 201 254 253 41 
 201 318 317 89 
 23 31 29 11 
 43 51 49 11 
 43 69 68 23 
 91 99 97 11 
 91 117 116 23 
 91 145 144 43 
 203 211 209 11 
 203 229 228 23 
 203 257 256 43 
 203 321 320 91 
 26 32 29 12 
 46 52 49 12 
 46 73 72 26 
 94 100 97 12 
 94 121 120 26 
 94 149 148 46 
 206 212 209 12 
 206 233 232 26 
 206 261 260 46 
 206 325 324 94 
 49 77 76 29 
 97 125 124 29 
 97 153 152 49 
 209 237 236 29 
 209 265 264 49 
 209 329 328 97 
 17 20 19 15 
 22 25 24 15 
 22 28 27 17 
 53 57 55 15 
 53 60 58 17 
 53 67 65 22 
 101 105 103 15 
 101 108 106 17 
 101 115 113 22 
 101 158 157 53 
 213 217 215 15 
 213 220 218 17 
 213 227 225 22 
 213 270 269 53 
 213 334 333 101 
 24 31 30 19 
 55 63 61 19 
 55 70 68 24 
 103 111 109 19 
 103 118 116 24 
 103 161 160 55 
 215 223 221 19 
 215 230 228 24 
 215 273 272 55 
 215 337 336 103 
 27 32 30 20 
 58 64 61 20 
 58 74 72 27 
 106 112 109 20 
 106 122 120 27 
 106 165 164 58 
 218 224 221 20 
 218 234 232 27 
 218 277 276 58 
 218 341 340 106 
 61 78 76 30 
 109 126 124 30 
 109 169 168 61 
 221 238 236 30 
 221 281 280 61 
 221 345 344 109 
 28 32 31 25 
 65 71 68 25 
 65 75 72 28 
 113 119 116 25 
 113 123 120 28 
 113 174 173 65 
 225 231 228 25 
 225 235 232 28 
 225 286 285 65 
 225 350 349 113 
 68 79 76 31 
 116 127 124 31 
 116 178 177 68 
 228 239 236 31 
 228 290 289 68 
 228 354 353 116 
 72 80 76 32 
 120 128 124 32 
 120 183 182 72 
 232 240 236 32 
 232 295 294 72 
 232 359 358 120 
 124 188 187 76 
 236 300 299 76 
 236 364 363 124 
 37 40 39 35 
 42 45 44 35 
 42 48 47 37 
 54 57 56 35 
 54 60 59 37 
 54 67 66 42 
 129 133 131 35 
 129 136 134 37 
 129 143 141 42 
 129 159 157 54 
 241 245 243 35 
 241 248 246 37 
 241 255 253 42 
 241 271 269 54 
 241 370 369 129 
 44 51 50 39 
 56 63 62 39 
 56 70 69 44 
 131 139 137 39 
 131 146 144 44 
 131 162 160 56 
 243 251 249 39 
 243 258 256 44 
 243 274 272 56 
 243 373 372 131 
 47 52 50 40 
 59 64 62 40 
 59 74 73 47 
 134 140 137 40 
 134 150 148 47 
 134 166 164 59 
 246 252 249 40 
 246 262 260 47 
 246 278 276 59 
 246 377 376 134 
 62 78 77 50 
 137 154 152 50 
 137 170 168 62 
 249 266 264 50 
 249 282 280 62 
 249 381 380 137 
 48 52 51 45 
 66 71 69 45 
 66 75 73 48 
 141 147 144 45 
 141 151 148 48 
 141 175 173 66 
 253 259 256 45 
 253 263 260 48 
 253 287 285 66 
 253 386 385 141 
 69 79 77 51 
 144 155 152 51 
 144 179 177 69 
 256 267 264 51 
 256 291 289 69 
 256 390 389 144 
 73 80 77 52 
 148 156 152 52 
 148 184 182 73 
 260 268 264 52 
 260 296 294 73 
 260 395 394 148 
 152 189 187 77 
 264 301 299 77 
 264 400 399 152 
 60 64 63 57 
 67 71 70 57 
 67 75 74 60 
 157 163 160 57 
 157 167 164 60 
 157 176 173 67 
 269 275 272 57 
 269 279 276 60 
 269 288 285 67 
 269 406 405 157 
 70 79 78 63 
 160 171 168 63 
 160 180 177 70 
 272 283 280 63 
 272 292 289 70 
 272 410 409 160 
 74 80 78 64 
 164 172 168 64 
 164 185 182 74 
 276 284 280 64 
 276 297 294 74 
 276 415 414 164 
 168 190 187 78 
 280 302 299 78 
 280 420 419 168 
 75 80 79 71 
 173 181 177 71 
 173 186 182 75 
 285 293 289 71 
 285 298 294 75 
 285 426 425 173 
 177 191 187 79 
 289 303 299 79 
 289 431 430 177 
 182 192 187 80 
 294 304 299 80 
 294 437 436 182 
 299 443 442 187 
 85 88 87 83 
 90 93 92 83 
 90 96 95 85 
 102 105 104 83 
 102 108 107 85 
 102 115 114 90 
 130 133 132 83 
 130 136 135 85 
 130 143 142 90 
 130 159 158 102 
 305 309 307 83 
 305 312 310 85 
 305 319 317 90 
 305 335 333 102 
 305 371 369 130 
 92 99 98 87 
 104 111 110 87 
 104 118 117 92 
 132 139 138 87 
 132 146 145 92 
 132 162 161 104 
 307 315 313 87 
 307 322 320 92 
 307 338 336 104 
 307 374 372 132 
 95 100 98 88 
 107 112 110 88 
 107 122 121 95 
 135 140 138 88 
 135 150 149 95 
 135 166 165 107 
 310 316 313 88 
 310 326 324 95 
 310 342 340 107 
 310 378 376 135 
 110 126 125 98 
 138 154 153 98 
 138 170 169 110 
 313 330 328 98 
 313 346 344 110 
 313 382 380 138 
 96 100 99 93 
 114 119 117 93 
 114 123 121 96 
 142 147 145 93 
 142 151 149 96 
 142 175 174 114 
 317 323 320 93 
 317 327 324 96 
 317 351 349 114 
 317 387 385 142 
 117 127 125 99 
 145 155 153 99 
 145 179 178 117 
 320 331 328 99 
 320 355 353 117 
 320 391 389 145 
 121 128 125 100 
 149 156 153 100 
 149 184 183 121 
 324 332 328 100 
 324 360 358 121 
 324 396 394 149 
 153 189 188 125 
 328 365 363 125 
 328 401 399 153 
 108 112 111 105 
 115 119 118 105 
 115 123 122 108 
 158 163 161 105 
 158 167 165 108 
 158 176 174 115 
 333 339 336 105 
 333 343 340 108 
 333 352 349 115 
 333 407 405 158 
 118 127 126 111 
 161 171 169 111 
 161 180 178 118 
 336 347 344 111 
 336 356 353 118 
 336 411 409 161 
 122 128 126 112 
 165 172 169 112 
 165 185 183 122 
 340 348 344 112 
 340 361 358 122 
 340 416 414 165 
 169 190 188 126 
 344 366 363 126 
 344 421 419 169 
 123 128 127 119 
 174 181 178 119 
 174 186 183 123 
 349 357 353 119 
 349 362 358 123 
 349 427 425 174 
 178 191 188 127 
 353 367 363 127 
 353 432 430 178 
 183 192 188 128 
 358 368 363 128 
 358 438 436 183 
 363 444 442 188 
 136 140 139 133 
 143 147 146 133 
 143 151 150 136 
 159 163 162 133 
 159 167 166 136 
 159 176 175 143 
 369 375 372 133 
 369 379 376 136 
 369 388 385 143 
 369 408 405 159 
 146 155 154 139 
 162 171 170 139 
 162 180 179 146 
 372 383 380 139 
 372 392 389 146 
 372 412 409 162 
 150 156 154 140 
 166 172 170 140 
 166 185 184 150 
 376 384 380 140 
 376 397 394 150 
 376 417 414 166 
 170 190 189 154 
 380 402 399 154 
 380 422 419 170 
 151 156 155 147 
 175 181 179 147 
 175 186 184 151 
 385 393 389 147 
 385 398 394 151 
 385 428 425 175 
 179 191 189 155 
 389 403 399 155 
 389 433 430 179 
 184 192 189 156 
 394 404 399 156 
 394 439 436 184 
 399 445 442 189 
 167 172 171 163 
 176 181 180 163 
 176 186 185 167 
 405 413 409 163 
 405 418 414 167 
 405 429 425 176 
 180 191 190 171 
 409 423 419 171 
 409 434 430 180 
 185 192 190 172 
 414 424 419 172 
 414 440 436 185 
 419 446 442 190 
 186 192 191 181 
 425 435 430 181 
 425 441 436 186 
 430 447 442 191 
 436 448 442 192 
 197 200 199 195 
 202 205 204 195 
 202 208 207 197 
 214 217 216 195 
 214 220 219 197 
 214 227 226 202 
 242 245 244 195 
 242 248 247 197 
 242 255 254 202 
 242 271 270 214 
 306 309 308 195 
 306 312 311 197 
 306 319 318 202 
 306 335 334 214 
 306 371 370 242 
 204 211 210 199 
 216 223 222 199 
 216 230 229 204 
 244 251 250 199 
 244 258 257 204 
 244 274 273 216 
 308 315 314 199 
 308 322 321 204 
 308 338 337 216 
 308 374 373 244 
 207 212 210 200 
 219 224 222 200 
 219 234 233 207 
 247 252 250 200 
 247 262 261 207 
 247 278 277 219 
 311 316 314 200 
 311 326 325 207 
 311 342 341 219 
 311 378 377 247 
 222 238 237 210 
 250 266 265 210 
 250 282 281 222 
 314 330 329 210 
 314 346 345 222 
 314 382 381 250 
 208 212 211 205 
 226 231 229 205 
 226 235 233 208 
 254 259 257 205 
 254 263 261 208 
 254 287 286 226 
 318 323 321 205 
 318 327 325 208 
 318 351 350 226 
 318 387 386 254 
 229 239 237 211 
 257 267 265 211 
 257 291 290 229 
 321 331 329 211 
 321 355 354 229 
 321 391 390 257 
 233 240 237 212 
 261 268 265 212 
 261 296 295 233 
 325 332 329 212 
 325 360 359 233 
 325 396 395 261 
 265 301 300 237 
 329 365 364 237 
 329 401 400 265 
 220 224 223 217 
 227 231 230 217 
 227 235 234 220 
 270 275 273 217 
 270 279 277 220 
 270 288 286 227 
 334 339 337 217 
 334 343 341 220 
 334 352 350 227 
 334 407 406 270 
 230 239 238 223 
 273 283 281 223 
 273 292 290 230 
 337 347 345 223 
 337 356 354 230 
 337 411 410 273 
 234 240 238 224 
 277 284 281 224 
 277 297 295 234 
 341 348 345 224 
 341 361 359 234 
 341 416 415 277 
 281 302 300 238 
 345 366 364 238 
 345 421 420 281 
 235 240 239 231 
 286 293 290 231 
 286 298 295 235 
 350 357 354 231 
 350 362 359 235 
 350 427 426 286 
 290 303 300 239 
 354 367 364 239 
 354 432 431 290 
 295 304 300 240 
 359 368 364 240 
 359 438 437 295 
 364 444 443 300 
 248 252 251 245 
 255 259 258 245 
 255 263 262 248 
 271 275 274 245 
 271 279 278 248 
 271 288 287 255 
 370 375 373 245 
 370 379 377 248 
 370 388 386 255 
 370 408 406 271 
 258 267 266 251 
 274 283 282 251 
 274 292 291 258 
 373 383 381 251 
 373 392 390 258 
 373 412 410 274 
 262 268 266 252 
 278 284 282 252 
 278 297 296 262 
 377 384 381 252 
 377 397 395 262 
 377 417 415 278 
 282 302 301 266 
 381 402 400 266 
 381 422 420 282 
 263 268 267 259 
 287 293 291 259 
 287 298 296 263 
 386 393 390 259 
 386 398 395 263 
 386 428 426 287 
 291 303 301 267 
 390 403 400 267 
 390 433 431 291 
 296 304 301 268 
 395 404 400 268 
 395 439 437 296 
 400 445 443 301 
 279 284 283 275 
 288 293 292 275 
 288 298 297 279 
 406 413 410 275 
 406 418 415 279 
 406 429 426 288 
 292 303 302 283 
 410 423 420 283 
 410 434 431 292 
 297 304 302 284 
 415 424 420 284 
 415 440 437 297 
 420 446 443 302 
 298 304 303 293 
 426 435 431 293 
 426 441 437 298 
 431 447 443 303 
 437 448 443 304 
 312 316 315 309 
 319 323 322 309 
 319 327 326 312 
 335 339 338 309 
 335 343 342 312 
 335 352 351 319 
 371 375 374 309 
 371 379 378 312 
 371 388 387 319 
 371 408 407 335 
 322 331 330 315 
 338 347 346 315 
 338 356 355 322 
 374 383 382 315 
 374 392 391 322 
 374 412 411 338 
 326 332 330 316 
 342 348 346 316 
 342 361 360 326 
 378 384 382 316 
 378 397 396 326 
 378 417 416 342 
 346 366 365 330 
 382 402 401 330 
 382 422 421 346 
 327 332 331 323 
 351 357 355 323 
 351 362 360 327 
 387 393 391 323 
 387 398 396 327 
 387 428 427 351 
 355 367 365 331 
 391 403 401 331 
 391 433 432 355 
 360 368 365 332 
 396 404 401 332 
 396 439 438 360 
 401 445 444 365 
 343 348 347 339 
 352 357 356 339 
 352 362 361 343 
 407 413 411 339 
 407 418 416 343 
 407 429 427 352 
 356 367 366 347 
 411 423 421 347 
 411 434 432 356 
 361 368 366 348 
 416 424 421 348 
 416 440 438 361 
 421 446 444 366 
 362 368 367 357 
 427 435 432 357 
 427 441 438 362 
 432 447 444 367 
 438 448 444 368 
 379 384 383 375 
 388 393 392 375 
 388 398 397 379 
 408 413 412 375 
 408 418 417 379 
 408 429 428 388 
 392 403 402 383 
 412 423 422 383 
 412 434 433 392 
 397 404 402 384 
 417 424 422 384 
 417 440 439 397 
 422 446 445 402 
 398 404 403 393 
 428 435 433 393 
 428 441 439 398 
 433 447 445 403 
 439 448 445 404 
 418 424 423 413 
 429 435 434 413 
 429 441 440 418 
 434 447 446 423 
 440 448 446 424 
 441 448 447 435 


